Trying to listen on port 15618
Hostname compute-0-37.local is listening on port 15618 with listenfd = 3
Node is compute-0-37.local and Master is compute-0-37.local. Number of workers is 1
Master calling cg_solve()
YEEEEEEEEEEEEEEEHH setup call huaa
Inside read_input_and_copy_to_GPUs
Reading inputs boy
Number of inputs = 8
reading labels 
Okay boy.. reading and malloc done

Dekho bhai naya value AYAA

1.500000
1.500000
1.500000
----------------------------the values are:- 
1.500000
1.500000
1.500000

----------------------------ORIGNAL YEH HAI
Printing matrix:
40.171074 13.841293 3.385107 10.315067 2.608157 10.501774 14.870403 17.152594 
13.841293 40.171074 11.450728 18.588599 8.937085 19.020425 19.792960 18.574431 
3.385107 11.450728 40.171074 11.997787 18.612385 12.832066 9.672003 6.995700 
10.315067 18.588599 11.997787 40.171074 8.351077 19.993328 18.632190 16.791342 
2.608157 8.937085 18.612385 8.351077 40.171074 9.272466 7.139733 5.018071 
10.501774 19.020425 12.832066 19.993328 9.272466 40.171074 18.801963 16.816745 
14.870403 19.792960 9.672003 18.632190 7.139733 18.801963 40.171074 19.479182 
17.152594 18.574431 6.995700 16.791342 5.018071 16.816745 19.479182 40.171074 
ABEEEEEEEEEEEEEEEEEEEEEEEEEEEEE
Haaaar REE call hua
Time taken for CUSOLVER cholesky: 0.798887
UPAR DEKH
INVERSE KE BAAD
Printing matrix:
6.338065 0.000000 0.000000 0.000000 0.000000 0.000000 0.000000 0.000000 
2.183836 5.949953 0.000000 0.000000 0.000000 0.000000 0.000000 0.000000 
0.534092 1.728478 6.074388 0.000000 0.000000 0.000000 0.000000 0.000000 
1.627479 2.526819 1.113036 5.467972 0.000000 0.000000 0.000000 0.000000 
0.411507 1.351006 2.643463 0.242382 5.579415 0.000000 0.000000 0.000000 
1.656937 2.588583 1.230215 1.716641 0.255461 5.118528 0.000000 0.000000 
2.346205 2.465437 0.684425 1.430565 0.123210 1.016548 5.002451 0.000000 
2.706282 2.128480 0.308059 1.219055 -0.014516 0.850813 1.012338 4.998676 
Determinant is 27.407996
num_iters is 2
Total threads launched: 8
Time for iter 0: 0.000043
Total threads launched: 16
Time for iter 1: 0.000045
Total sum: 8.000000
product vala term = 0.093365
The value of loglikelihood = -21.102160
Final ll_sum is -21.102160
Yahi hai Kinv
Total time taken in cholesky = 0.000379 s
FINAL ERROR = 0.000000
Why yaar? para2 = 15.813270
Dekho bhai -0.528599
1.911347
5.995288
Final gradients of log hyperparams are -0.528599, 1.911347, 5.995288
21.1022


 PLEASE-SEE 1 : 1.512932, 1.453241, 1.353330

Dekho bhai naya value AYAA

1.512932
1.453241
1.353330
----------------------------the values are:- 
1.512932
1.453241
1.353330

----------------------------ORIGNAL YEH HAI
Printing matrix:
33.271489 12.725961 3.226278 9.555348 2.502386 9.723849 13.647134 15.684307 
12.725961 33.271489 10.579116 16.962533 8.309222 17.346411 18.032614 16.949935 
3.226278 10.579116 33.271489 11.071334 16.983684 11.820885 8.974384 6.545025 
9.555348 16.962533 11.071334 33.271489 7.777840 18.210478 17.001294 15.362326 
2.502386 8.309222 16.983684 7.777840 33.271489 8.612936 6.676305 4.734794 
9.723849 17.346411 11.820885 18.210478 8.612936 33.271489 17.152234 15.384973 
13.647134 18.032614 8.974384 17.001294 6.676305 17.152234 33.271489 17.753985 
15.684307 16.949935 6.545025 15.362326 4.734794 15.384973 17.753985 33.271489 
ABEEEEEEEEEEEEEEEEEEEEEEEEEEEEE
Haaaar REE call hua
Time taken for CUSOLVER cholesky: 0.000211
UPAR DEKH
INVERSE KE BAAD
Printing matrix:
5.768144 0.000000 0.000000 0.000000 0.000000 0.000000 0.000000 0.000000 
2.206249 5.329536 0.000000 0.000000 0.000000 0.000000 0.000000 0.000000 
0.559327 1.753455 5.466629 0.000000 0.000000 0.000000 0.000000 0.000000 
1.656572 2.496976 1.054843 4.814528 0.000000 0.000000 0.000000 0.000000 
0.433829 1.379499 2.619922 0.176755 4.927985 0.000000 0.000000 0.000000 
1.685785 2.556911 1.169743 1.619975 0.203606 4.456204 0.000000 0.000000 
2.365949 2.404101 0.628461 1.332637 0.091592 0.920976 4.343570 0.000000 
2.719125 2.054751 0.259983 1.132612 -0.032609 0.766352 0.922119 4.343591 
Determinant is 25.445080
num_iters is 2
Total threads launched: 8
Time for iter 0: 0.000041
Total threads launched: 16
Time for iter 1: 0.000048
Total sum: 8.000000
product vala term = 0.120079
The value of loglikelihood = -20.134060
Final ll_sum is -20.134060
Yahi hai Kinv
Total time taken in cholesky = 0.000370 s
FINAL ERROR = 0.000000
Why yaar? para2 = 15.759842
Dekho bhai -0.611132
2.032571
5.847350
Final gradients of log hyperparams are -0.611132, 2.032571, 5.847350
20.1341


 PLEASE-SEE 1 : 1.538795, 1.359722, 1.059991

Dekho bhai naya value AYAA

1.538795
1.359722
1.059991
----------------------------the values are:- 
1.538795
1.359722
1.059991

----------------------------ORIGNAL YEH HAI
Printing matrix:
23.502862 10.749911 2.920525 8.189064 2.294438 8.326131 11.487504 13.110024 
10.749911 23.502862 9.020047 14.122565 7.171457 14.425888 14.967257 14.112604 
2.920525 9.020047 23.502862 9.418109 14.139286 10.022579 7.715529 5.717202 
8.189064 14.122565 9.418109 23.502862 6.735238 15.107409 14.153208 12.854324 
2.294438 7.171457 14.139286 6.735238 23.502862 7.420144 5.826041 4.203990 
8.326131 14.425888 10.022579 15.107409 7.420144 23.502862 14.272501 12.872319 
11.487504 14.967257 7.715529 14.153208 5.826041 14.272501 23.502862 14.747565 
13.110024 14.112604 5.717202 12.854324 4.203990 12.872319 14.747565 23.502862 
ABEEEEEEEEEEEEEEEEEEEEEEEEEEEEE
Haaaar REE call hua
Time taken for CUSOLVER cholesky: 0.000275
UPAR DEKH
INVERSE KE BAAD
Printing matrix:
4.847975 0.000000 0.000000 0.000000 0.000000 0.000000 0.000000 0.000000 
2.217402 4.311147 0.000000 0.000000 0.000000 0.000000 0.000000 0.000000 
0.602422 1.782411 4.467993 0.000000 0.000000 0.000000 0.000000 0.000000 
1.689172 2.407014 0.919927 3.742937 0.000000 0.000000 0.000000 0.000000 
0.473278 1.420042 2.534264 0.049798 3.851931 0.000000 0.000000 0.000000 
1.717445 2.462830 1.029137 1.424430 0.111880 3.374474 0.000000 0.000000 
2.369547 2.253001 0.508570 1.138086 0.041461 0.742346 3.271913 0.000000 
2.704227 1.882619 0.163948 0.962910 -0.055218 0.609649 0.754512 3.278366 
Determinant is 21.588218
num_iters is 2
Total threads launched: 8
Time for iter 0: 0.000041
Total threads launched: 16
Time for iter 1: 0.000044
Total sum: 8.000000
product vala term = 0.197593
The value of loglikelihood = -18.244386
Final ll_sum is -18.244386
Yahi hai Kinv
Total time taken in cholesky = 0.000373 s
FINAL ERROR = 0.000000
Why yaar? para2 = 15.604814
Dekho bhai -0.786175
2.262099
5.540308
Final gradients of log hyperparams are -0.786175, 2.262099, 5.540308
18.2444


 PLEASE-SEE 1 : 1.616386, 1.079165, 0.179974

Dekho bhai naya value AYAA

1.616386
1.079165
0.179974
----------------------------the values are:- 
1.616386
1.079165
0.179974

----------------------------ORIGNAL YEH HAI
Printing matrix:
10.089918 6.445026 2.111686 5.105519 1.717538 5.178603 6.821860 7.638941 
6.445026 10.089918 5.546014 8.141398 4.557181 8.290894 8.556601 8.136481 
2.111686 5.546014 10.089918 5.754930 8.149651 6.069776 4.851652 3.753356 
5.105519 8.141398 5.754930 10.089918 4.318763 8.625161 8.156521 7.511185 
1.717538 4.557181 8.149651 4.318763 10.089918 4.692163 3.814456 2.884632 
5.178603 8.290894 6.069776 8.625161 4.692163 10.089918 8.215353 7.520188 
6.821860 8.556601 4.851652 8.156521 3.814456 8.215353 10.089918 8.448944 
7.638941 8.136481 3.753356 7.511185 2.884632 7.520188 8.448944 10.089918 
ABEEEEEEEEEEEEEEEEEEEEEEEEEEEEE
Haaaar REE call hua
Time taken for CUSOLVER cholesky: 0.000200
UPAR DEKH
INVERSE KE BAAD
Printing matrix:
3.176463 0.000000 0.000000 0.000000 0.000000 0.000000 0.000000 0.000000 
2.028994 2.443993 0.000000 0.000000 0.000000 0.000000 0.000000 0.000000 
0.664792 1.717336 2.588190 0.000000 0.000000 0.000000 0.000000 0.000000 
1.607297 1.996815 0.485749 1.811986 0.000000 0.000000 0.000000 0.000000 
0.540708 1.415752 2.070509 -0.211403 1.860511 0.000000 0.000000 0.000000 
1.630305 2.038883 0.573573 0.913303 -0.037851 1.452735 0.000000 0.000000 
2.147628 1.718122 0.182883 0.654001 -0.010546 0.349974 1.393526 0.000000 
2.404857 1.332671 -0.051780 0.557355 -0.041595 0.276353 0.389170 1.409853 
Determinant is 10.528810
num_iters is 2
Total threads launched: 8
Time for iter 0: 0.000041
Total threads launched: 16
Time for iter 1: 0.000048
Total sum: 8.000000
product vala term = 0.861709
The value of loglikelihood = -13.046740
Final ll_sum is -13.046740
Yahi hai Kinv
Total time taken in cholesky = 0.000370 s
FINAL ERROR = 0.000000
Why yaar? para2 = 14.276583
Dekho bhai -1.225676
2.769157
4.369134
Final gradients of log hyperparams are -1.225676, 2.769157, 4.369134
13.0467


 PLEASE-SEE 1 : 1.829030, 0.310271, -2.231801

Dekho bhai naya value AYAA

1.829030
0.310271
-2.231801
----------------------------the values are:- 
1.829030
0.310271
-2.231801

----------------------------ORIGNAL YEH HAI
Printing matrix:
1.871457 1.533760 0.739665 1.317119 0.646240 1.329411 1.591793 1.713946 
1.533760 1.871457 1.390322 1.786813 1.222855 1.808190 1.845857 1.786108 
0.739665 1.390322 1.871457 1.424332 1.787997 1.474790 1.273937 1.077193 
1.317119 1.786813 1.424332 1.871457 1.180653 1.855510 1.788982 1.695157 
0.646240 1.222855 1.787997 1.180653 1.871457 1.246408 1.088621 0.906922 
1.329411 1.808190 1.474790 1.855510 1.246408 1.871457 1.797405 1.696485 
1.591793 1.845857 1.273937 1.788982 1.088621 1.797405 1.871457 1.830645 
1.713946 1.786108 1.077193 1.695157 0.906922 1.696485 1.830645 1.871457 
ABEEEEEEEEEEEEEEEEEEEEEEEEEEEEE
Haaaar REE call hua
Time taken for CUSOLVER cholesky: 0.000195
UPAR DEKH
INVERSE KE BAAD
Printing matrix:
1.368012 0.000000 0.000000 0.000000 0.000000 0.000000 0.000000 0.000000 
1.121160 0.783874 0.000000 0.000000 0.000000 0.000000 0.000000 0.000000 
0.540686 1.000323 0.760573 0.000000 0.000000 0.000000 0.000000 0.000000 
0.962797 0.902394 0.001414 0.360778 0.000000 0.000000 0.000000 0.000000 
0.472393 0.884360 0.851905 -0.203483 0.314743 0.000000 0.000000 0.000000 
0.971783 0.916813 0.042405 0.256370 -0.023532 0.135909 0.000000 0.000000 
1.163581 0.690540 -0.060425 0.126489 0.017419 0.030198 0.140799 0.000000 
1.252874 0.486604 -0.114361 0.138441 0.032834 0.021841 0.079203 0.157825 
Determinant is -16.363571
num_iters is 2
Total threads launched: 8
Time for iter 0: 0.000040
Total threads launched: 16
Time for iter 1: 0.000045
Total sum: 8.000000
product vala term = 47.813354
The value of loglikelihood = -23.076372
Final ll_sum is -23.076372
Yahi hai Kinv
Total time taken in cholesky = 0.000369 s
FINAL ERROR = 0.000000
Why yaar? para2 = -79.626708
Dekho bhai 38.959786
-14.928280
-24.885074
Final gradients of log hyperparams are 38.959786, -14.928280, -24.885074
23.0764


 PLEASE-SEE  2: 1.652394, 0.948964, -0.228426

Dekho bhai naya value AYAA

1.652394
0.948964
-0.228426
----------------------------the values are:- 
1.652394
0.948964
-0.228426

----------------------------ORIGNAL YEH HAI
Printing matrix:
7.305325 5.070330 1.795199 4.082086 1.481236 4.136433 5.345638 5.939038 
5.070330 7.305325 4.408856 6.301728 3.672546 6.409334 6.600258 6.298186 
1.795199 4.408856 7.305325 4.563196 6.307672 4.795064 3.892880 3.065820 
4.082086 6.301728 4.563196 7.305325 3.493428 6.649454 6.312620 5.846560 
1.481236 3.672546 6.307672 3.493428 7.305325 3.773664 3.112233 2.399724 
4.136433 6.409334 4.795064 6.649454 3.773664 7.305325 6.354977 5.853080 
5.345638 6.600258 3.892880 6.312620 3.112233 6.354977 7.305325 6.522952 
5.939038 6.298186 3.065820 5.846560 2.399724 5.853080 6.522952 7.305325 
ABEEEEEEEEEEEEEEEEEEEEEEEEEEEEE
Haaaar REE call hua
Time taken for CUSOLVER cholesky: 0.000199
UPAR DEKH
INVERSE KE BAAD
Printing matrix:
2.702837 0.000000 0.000000 0.000000 0.000000 0.000000 0.000000 0.000000 
1.875929 1.945820 0.000000 0.000000 0.000000 0.000000 0.000000 0.000000 
0.664191 1.625475 2.054752 0.000000 0.000000 0.000000 0.000000 0.000000 
1.510297 1.782548 0.322464 1.320177 0.000000 0.000000 0.000000 0.000000 
0.548030 1.359057 1.817524 -0.259761 1.336818 0.000000 0.000000 0.000000 
1.530405 1.818464 0.400396 0.732838 -0.055211 0.977731 0.000000 0.000000 
1.977788 1.485270 0.080293 0.493961 -0.005867 0.238087 0.938344 0.000000 
2.197335 1.118367 -0.102936 0.429928 -0.019179 0.185784 0.285144 0.956385 
Determinant is 5.634889
num_iters is 2
Total threads launched: 8
Time for iter 0: 0.000040
Total threads launched: 16
Time for iter 1: 0.000047
Total sum: 8.000000
product vala term = 1.709283
The value of loglikelihood = -11.023566
Final ll_sum is -11.023566
Yahi hai Kinv
Total time taken in cholesky = 0.000373 s
FINAL ERROR = 0.000000
Why yaar? para2 = 12.581433
Dekho bhai -1.175834
2.831021
3.459696
Final gradients of log hyperparams are -1.175834, 2.831021, 3.459696
11.0236
11.0236


compute-0-37.local: PLEASE-SEE  3: 1.652394, 0.948964, -0.228426

Dekho bhai naya value AYAA

1.652394
0.948964
-0.228426
----------------------------the values are:- 
1.652394
0.948964
-0.228426

----------------------------